@relation mortgage
@attribute 1MonthCDRate real [3.02,20.76]
@attribute 1Y-CMaturityRate real [77.055,142.645]
@attribute 3M-Rate-AuctionAverage real [6.49,18.63]
@attribute 3M-Rate-SecondaryMarket real [2.67,16.75]
@attribute 3Y-CMaturityRate real [2.69,16.76]
@attribute 5Y-CMaturityRate real [4.09,16.47]
@attribute bankCredit real [4.17,16.13]
@attribute currency real [1130.9,4809.2]
@attribute demandDeposits real [105.6,533]
@attribute federalFunds real [225.8,412.1]
@attribute moneyStock real [2.86,20.06]
@attribute checkableDeposits real [381.1,1154.1]
@attribute loansLeases real [269.9,803.4]
@attribute savingsDeposits real [868.1,3550.3]
@attribute tradeCurrencies real [175.6,1758.1]
@attribute 30Y-CMortgageRate real [3.02,17.15]
@inputs 1MonthCDRate, 1Y-CMaturityRate, 3M-Rate-AuctionAverage, 3M-Rate-SecondaryMarket, 3Y-CMaturityRate, 5Y-CMaturityRate, bankCredit, currency, demandDeposits, federalFunds, moneyStock, checkableDeposits, loansLeases, savingsDeposits, tradeCurrencies
@outputs 30Y-CMortgageRate 
@data
8.72,90.729,9.69,7.62,7.6,7.72,7.69,2605.8,223.4,279.6,8.52,794.4,564.8,2020.2,894.7,7.66
13.85,109.392,17.19,12.06,12.47,13.94,13.82,1347.4,124.4,230.8,14.35,443,314.8,1033.8,343.9,13.73
6.59,87.979,9.94,5.74,5.67,7.42,7.73,2280.2,198.9,287.2,6.77,755.9,551,1743.9,936.5,6.65
17.43,96.064,15.07,15.2,15.01,13.13,12.89,1237.4,115.5,241.9,18.12,410.3,291.3,933.1,377.5,14.24
3.16,85.121,8.21,2.97,2.94,4.93,5.85,2937.9,288.7,336.4,2.96,1012.5,715.6,2110.2,1179.5,3.5
7.57,86.024,10.61,5.73,5.73,8.08,8.38,2255.3,197.9,287.5,6.81,750.3,546.7,1718.2,935.2,7.15
6.3,87.478,9.52,5.86,5.82,7.36,7.79,2771.1,256.4,278,6.1,843.8,580.3,2115.2,949.5,6.34
5.56,100.143,6.92,4.91,4.92,5.29,5.32,4336.6,445.7,373,5.59,1070.9,616.4,3183.2,1527.3,5.24
7.81,94.47,11.58,6.96,6.98,9.43,9.73,2229.8,193.1,293.9,7.59,754.8,555.1,1704,950.7,8.33
11.1,92.872,13.43,10.46,10.45,12.06,12.01,1181.3,112.8,263.9,10.85,405.7,288.8,891,193.2,12.07
9.06,88.515,10.71,8.3,8.24,9.14,9.09,2439.5,213.2,285.2,9.13,785.5,566.1,1877.5,916.1,8.96
17.84,108.576,17.48,15.83,15.71,16.39,16.04,1286.6,119.7,231.9,17.41,427.5,303,975.2,351.6,17.07
3.1,86.414,7.57,2.92,2.91,4.38,5.21,2988.2,300.6,348.1,3.11,1045.1,736.9,2114.5,1188.2,3.31
5.4,86.534,8.92,5.18,5.16,6.38,7.04,2808.4,263.2,279.3,5.29,871.3,600,2107.4,1011,5.5
5.93,77.839,7.63,5.53,5.43,5.74,5.85,3526.8,367.6,387.8,6.21,1150.3,772.5,2542.6,1092.6,5.53
5.56,98.385,6.91,4.96,4.94,5.44,5.41,4275.9,441.5,375.7,5.47,1071.7,621.1,3145,1504.9,5.34
4.43,84.839,8.57,4.2,4.16,6.46,6.89,3224.5,342.2,381.1,4.19,1145.9,794.6,2252.4,1208,5.47
5.57,95.499,7.22,4.94,4.91,5.69,5.72,4226.2,435.2,385.8,5.4,1078.6,635.3,3107.8,1470.4,5.45
3.88,85.363,8.59,3.75,3.71,5.77,6.61,2892.2,276.2,312.4,3.85,952.6,668.7,2106.4,1130.8,4.27
9.3,119.315,13.65,9.13,9.13,11.06,11.39,1502.9,141,239.2,9.46,511.5,364.8,1119.2,689.7,10.31
9.25,128.936,13.63,8.73,8.68,11.05,11.53,1726.2,155.8,244,9.55,549.4,389.2,1320.9,693.4,9.99
7.75,127,12.11,7.07,7.07,9.22,9.66,1853,164.7,258.4,7.78,600.1,428.8,1423.4,788.7,7.97
7.86,81.967,10.02,7.05,7.07,7.7,8,2746.1,245.8,278,7.94,823.7,570.6,2110.9,922.9,7.3
3.18,88.94,7.17,3.06,3.06,4.54,5.16,3107.4,322.6,386.3,2.99,1131.5,801.4,2194.2,1218.9,3.6
9.36,94.842,10.2,8.17,8.18,8.33,8.28,2505.7,217.3,276.6,9.68,773,548.7,1944.2,858.2,8.4
7.93,87.198,10.64,5.96,5.83,8.12,8.41,2252.9,197.4,287.3,6.75,749.5,546.4,1717.7,935.9,7.19
13.54,117.652,16.88,11.8,11.71,14.08,14.1,1384.2,128.1,226.7,13.18,448.9,315.6,1064,341.8,13.46
18.02,109.709,17.26,15.71,15.63,15.98,15.51,1280.3,120.1,230.9,18.19,426.8,301.8,970.5,352.9,16.74
5.49,85.834,7.74,4.76,4.88,5.98,6.15,3760.3,394.4,403.3,5.38,1082.2,679.5,2784.3,1273,5.51
6.78,107.239,10.61,6.11,6.1,7.25,7.45,1993,173.8,279.6,6.87,662.6,481.9,1527.6,872.4,6.61
3.6,87.96,7.8,3.61,3.49,5.45,6,3175,332.6,388.2,3.31,1141.2,800.8,2219.9,1226.6,4.36
5.56,96.43,7.07,5.02,4.95,5.56,5.57,4247.3,436.3,387.7,5.45,1080.1,635.4,3119.4,1477.5,5.43
5.55,92.69,7.54,5.17,5.17,6.08,6.17,3981.3,412.6,400.6,5.45,1069.2,647.3,2946,1350.7,5.59
5.34,84.438,7.52,5.03,5.02,5.75,5.9,3768.2,393.5,403.8,5.3,1083.5,681.7,2783.1,1266.7,5.41
4.86,92.123,6.77,4.42,4.4,4.83,4.84,4537.4,466.7,370.8,4.77,1091.9,617.1,3327.4,1639.8,4.67
5.39,85.041,8.14,5.12,5.13,6.43,6.6,3686.1,382.2,409.6,5.53,1112.8,720.8,2700,1210.3,5.82
13.8,106.67,17.59,13.36,12.79,14.57,14.52,1335,123.6,233.7,13.98,443.7,316.4,1020.3,346.6,14.37
7.74,114.792,10.8,7.18,7.11,8.17,8.44,1954,169.5,265.4,7.85,623.7,449.2,1489.7,820.1,7.69
8.21,91.564,10.71,7.05,7.03,8.85,9.05,2382,207.5,289.5,8.19,784.7,568.7,1826.7,952.4,8.27
3.21,88.58,7.17,3.06,3.04,4.57,5.18,3118.8,322.4,385.7,2.94,1130,800.2,2207.1,1218.7,3.61
5.22,83.939,7.32,4.78,4.82,5.28,5.52,3649.4,372.7,395.8,5.17,1116.1,734.9,2654.7,1163.9,5.04
7.75,118.877,11.14,7,7.06,8.23,8.55,1922.8,167.8,268.6,8.05,620.9,448.3,1468.6,815.1,7.57
3.64,87.402,8.04,3.5,3.5,5.62,6.19,3183.5,333,390,3.49,1144.1,803.4,2223.2,1224.6,4.46
5.24,83.867,7.38,4.89,4.89,5.52,5.71,3634.3,373.8,400.9,5.57,1120.9,738.6,2649.9,1170.9,5.15
8.22,82.744,9.64,6.78,6.66,7.42,7.69,2752.8,247.2,279.2,7.29,827.4,573.2,2117.8,924.1,6.96
4.05,86.79,8.84,3.95,3.8,5.81,6.69,2884.3,273.4,310.9,3.98,941.4,660.9,2113,1114.8,4.25
9.25,122.634,13.26,8.87,8.91,10.87,11.31,1594.5,147.8,240.9,9.41,526.1,374.2,1187.8,689,9.81
5.27,85.314,7.86,5.01,5,6.09,6.29,3714.5,390.6,400.4,5.22,1083.8,684.5,2749.4,1253.8,5.56
3.16,85.059,7.48,3.14,3.1,4.65,5.32,3023.7,306.2,360.7,2.96,1073.6,759.1,2137.9,1206.5,3.61
3.22,88.776,7.13,3.06,3.02,4.53,5.14,3114,323.6,386.8,2.99,1131.2,800,2200.3,1219.4,3.61
3.1,87.719,6.86,3.08,3.06,4.28,4.82,3073,318.7,381.2,2.97,1119.5,792.9,2176.6,1213.2,3.46
4.28,87.644,9.03,4.09,4.06,6.33,7.08,2878.5,272,309.8,4.04,938.1,658.9,2115.4,1104.9,4.73
5.57,89.461,7.94,5.03,4.94,6.44,6.6,3912,406.9,397.3,5.43,1067.7,652.1,2895.5,1323.5,5.86
8.17,91.007,10.1,7.69,7.7,8.38,8.41,2680.8,233.1,275,8.26,807.9,567.4,2064.6,913.4,8.08
7.9,87.546,9.84,7.5,7.43,8.01,8.12,2717.3,237.2,275.9,8.03,814,567.6,2089.7,918.4,7.67
5.98,79.448,7.85,5.72,5.69,6.14,6.28,3481.1,368,382.5,5.99,1141.5,764.3,2500.4,1094.7,5.92
11.82,103.392,16.94,10.4,10.47,13.46,13.47,1313.6,122.2,230.3,12.04,434.6,308.8,1000.6,343.5,12.32
14.88,107.696,17.56,13.85,13.68,14.84,14.73,1338,123.8,231,14.77,440.9,313.4,1023,346.2,14.85
5.85,88.047,9.45,5.46,5.46,7.07,7.66,2779.6,257.3,276.7,5.72,850,585.3,2115.3,978.1,6.13
4.86,92.011,6.74,4.31,4.35,4.58,4.56,4528.4,465,374.5,4.66,1096.6,623.5,3310.7,1627.6,4.51
8.2,115.283,12.74,7.94,7.97,9.48,9.76,1448.5,136,236.1,8.44,489.1,349.3,1093.6,628.3,8.59
3.86,85.797,8.6,3.75,3.71,5.83,6.7,2882.3,275.4,313.2,3.8,952.4,669.5,2102.7,1126.9,4.27
5.35,83.967,7.78,5.07,5.01,5.97,6.14,3642.7,375.4,404.4,5.3,1126.2,742.1,2665.9,1177.6,5.48
16.79,95.394,14.28,14.38,14.31,13.62,13.06,1216.8,115.3,263.2,17.43,410,291.3,918.3,409.8,14.81
9.32,121.148,13.72,9.04,9.08,11.14,11.46,1520.9,142.8,238.4,9.54,512.9,365.1,1131.1,681.5,10.21
4.86,94.838,7.01,4.47,4.42,5.03,5.05,4486.3,472.1,371.8,4.79,1101.3,621,3306.6,1646.3,4.74
13.43,110.532,16.63,11.48,11.54,13.71,13.74,1374.3,127.2,228.2,13.7,447.5,316.2,1054.9,344.3,13
6.76,112.535,9.98,6.19,6.07,6.82,7.04,1969.7,171.2,271.6,7.05,638.2,461.7,1508.3,836,6.41
6.76,83.996,9.49,6.09,6.05,7.36,7.75,2776.1,256,273.8,6.47,836.4,573.3,2125.4,942.5,6.48
3.11,87.174,7.53,2.96,2.91,4.43,5.25,2982.3,300.3,345.6,3.18,1043.9,736,2108.1,1185.6,3.32
10.28,119.808,13.67,9.8,9.76,11.99,12.38,1636.9,150.4,242,10.37,534.3,379.5,1226.4,703.6,10.94
5.37,84.239,8.34,5.19,5.19,6.55,6.73,3686.2,387.1,411.3,5.39,1105.5,709,2714.5,1228.7,5.95
9.77,121.69,13.43,8.94,8.96,11.1,11.54,1575.9,146.7,238.2,8.96,521.5,370.8,1174.4,683.2,10.09
5.31,86.157,8.87,5.11,5.07,6.26,6.88,2819,263.4,281.8,5.33,875.7,604.4,2107.4,1014,5.4
6.86,94.261,10.63,6.19,6.21,8.41,8.69,2219.8,191,288.9,6.85,745.6,546.7,1692.8,953.7,7.41
4.3,86.98,8.55,4.23,4.15,6.29,6.7,3204.7,338.9,385.9,4.27,1144.9,797.8,2245.5,1215,5.31
13.59,112.184,16.65,11.52,12.09,13.99,13.98,1373.1,127.3,227.9,13.43,448.1,316.5,1055.1,344.5,13.46
8.24,90.812,10.15,7.78,7.77,8.42,8.45,2688.6,234.6,277.8,8.28,815.1,572.1,2068.1,916.2,8.13
5.95,90.451,9.62,5.59,5.58,7.42,7.95,2787.8,259.1,280.5,6.34,861.5,594,2109.8,990.6,6.4
12.45,92.271,13.78,11.34,11.07,11.65,11.55,1192.7,113.5,265.7,12.64,408.7,291.3,899.8,193.5,11.98
13.46,98.188,15.4,12.76,12.63,13.06,12.98,1241.4,117.1,238,14.13,418.9,298.2,935.2,371.4,12.96
3.84,87.191,8.32,3.85,3.85,6.08,6.56,3191.2,335.5,387,3.59,1142.3,799.2,2230.2,1224,4.99
5.54,89.504,7.47,4.97,4.99,6.03,6.15,3964,410.6,400.9,5.48,1067.3,647.2,2927.1,1334,5.54
5.44,83.051,9.19,5.29,5.34,7.45,7.73,3297.1,353.5,386,5.22,1152.2,790.6,2347.5,1165.7,6.58
4.06,83.973,8.68,3.84,3.84,5.65,6.41,2868.8,269.8,300.7,4.01,918.9,641.9,2114.8,1079,4.23
9.25,119.943,13.42,8.78,8.81,10.96,11.42,1557.3,145.6,238.1,9.42,518.4,368.6,1158.1,677.5,9.92
5.99,89.98,9.67,5.58,5.56,7.42,7.96,2799.9,258.9,282.2,5.79,863.6,596.4,2122,986.3,6.36
9.33,88.487,10.69,8.49,8.52,9.36,9.32,2471.7,213.7,282.6,9.27,782.9,562.9,1909.7,897.4,9.27
10.69,122.221,14.33,9.9,9.81,12.99,13.34,1654.4,151.7,242.7,10.72,540.2,383.5,1251.5,702.8,11.92
5.53,92.963,7.46,5.15,5.15,6.06,6.15,4008.8,411.9,399.7,5.62,1068.3,646.8,2946.1,1345.6,5.55
8.9,121.015,13.84,7.96,8.07,9.96,10.44,1410.4,131.4,234.2,9.45,471.8,336.5,1079.4,362.5,9.19
5.59,98.209,6.98,5,4.94,5.49,5.46,4290.6,440.4,390.5,5.88,1089.1,639.5,3150.6,1495.2,5.38
8.18,87.829,10.22,7.45,7.42,8.42,8.47,2400.7,210.4,287.1,8.29,784.5,567.3,1845,935.2,8.13
8.02,133.646,13.12,7.62,7.77,10.29,10.79,1795.4,159.8,248.8,7.69,570.3,405.7,1378.2,748.1,8.89
11.32,127.632,14.68,10.04,10.04,13.19,13.39,1673.1,152.9,243.4,11.25,543.5,384.5,1267.1,698.6,12.1
9.55,131.219,13.85,9.38,9.1,11.33,11.58,1722.8,155,242.6,9.73,546.2,386.7,1315.9,690.1,10.31
8.95,93.009,9.87,7.87,7.97,7.89,7.88,2529.5,218.5,279.5,9.24,780.4,553.5,1964.2,862.2,7.96
7.72,89.034,10.6,5.49,5.41,8.04,8.4,2247.3,196.5,288.3,6.89,749.5,547.2,1716.6,937.6,7.02
5.53,93.962,6.71,4.44,4.38,4.42,4.39,4540.8,458.2,378.2,4.86,1094.1,627.8,3315.6,1595.3,4.46
7.94,130.883,12.21,7.17,7.12,9.43,9.85,1858.8,165.5,259.6,7.85,603.2,431.6,1429.7,793.7,8.11
9.05,88.935,10.55,8.33,8.38,9.14,9.07,2447.2,213.1,284.2,9.16,783.6,564.2,1888.4,905.2,9.05
7.86,118.571,11.58,7.15,7.18,8.75,9.17,1908.8,168,264.1,7.71,615,442.1,1461.6,811.8,7.87
5.96,77.751,7.71,5.64,5.55,5.83,5.98,3506.9,368.6,383.4,6.02,1144.9,767,2519.6,1095.8,5.71
6.33,104.108,10.4,5.72,5.78,6.82,7.01,2019.5,175,284.1,6.42,674.8,491.9,1536,885.3,6.25
6.01,88.755,9.48,5.59,5.58,7.29,7.86,2787.1,257.7,280.6,5.91,856.6,591.2,2118.5,980,6.3
4.75,84.356,8.48,4.61,4.56,6.45,6.83,3272.6,346.6,388.1,4.72,1153.8,798,2306.9,1193.8,5.56
8.55,117.327,13.66,8.28,8.14,10.04,10.31,1416.4,132.1,233.7,8.69,473.8,338,1082.2,365.5,9.26
8.16,88.499,10.28,7.36,7.4,8.43,8.52,2401.2,210.1,286.7,8.27,783.5,566.5,1847.1,935,8.12
3.08,85.774,7.52,3,2.99,4.48,5.28,3003.2,304.2,357.6,3.01,1066.4,754.2,2123.8,1200.8,3.4
5.56,89.951,7.85,4.93,4.91,6.32,6.48,3915.5,407.5,398.5,5.54,1064.6,648.2,2899.9,1327.3,5.76
9.14,118.297,13.6,8.83,8.79,10.95,11.36,1536.4,144.1,239.1,9.46,517.8,369,1143.6,681.9,9.92
6.02,81.002,8.62,5.77,5.76,7.04,7.18,3383.5,361.8,383.2,5.93,1149.3,779.2,2442.4,1100.3,6.54
4.83,95.129,6.88,4.23,4.26,5.06,5.1,4501.5,477.1,371,4.61,1107.3,622,3312.9,1669.8,4.7
6.85,95.232,10.7,5.81,5.7,8,8.19,2184.2,187.3,294.4,6.65,742.6,548.8,1662.7,967,6.91
5.36,83.958,7.69,4.99,5,5.89,6.08,3641.8,375.6,403.1,5.22,1123.8,739.3,2655.8,1178.6,5.42
4.29,85.825,8.46,4.18,4.16,6.32,6.76,3213.4,340.9,383.9,4.19,1145.9,796.1,2245.9,1212.2,5.3
7.78,90.945,10.46,6.76,6.72,8.51,8.72,2371,206.5,289.5,7.83,784.4,569.2,1816.8,958.1,7.79
5.6,91.768,7.23,5.16,5.16,5.76,5.81,4076,421.4,391.5,5.5,1065.4,635.8,2999.3,1386.4,5.44
5.38,84.688,8.28,5.17,5.13,6.45,6.64,3697,387.5,407.2,5.16,1098.6,701.7,2721.6,1233.4,5.88
3.93,87.515,8.85,3.69,3.68,6.02,6.89,2894.5,274.3,313.3,3.47,946.1,664.7,2119.7,1117.7,4.32
8.32,114.986,13.1,8.06,8.05,9.87,10.22,1435.8,134.1,233.4,8.44,479.2,341.7,1088.9,562.9,8.83
9.25,120.044,13.47,8.83,8.77,11.04,11.5,1554.3,145.1,238.9,9.36,518.8,369.4,1156.3,677.3,9.95
5.01,95.51,7.65,4.62,4.56,5.67,5.8,4557.9,483.6,362.4,4.73,1101.3,608.8,3349.6,1699.9,5.03
7.49,133.304,12.13,7,6.9,8.98,9.53,1836.8,162.4,254.2,8.06,588.3,419.1,1407.5,774.6,7.66
5.83,84.687,9.22,5.78,5.67,7.81,7.86,3333.4,356,384.7,5.4,1154.1,790.1,2395,1135.1,7.24
7.26,83.95,9.75,6.12,6.07,7.43,7.77,2753.6,252.2,272.9,6.77,825.3,566,2112.7,926.9,6.62
5.53,95.506,6.66,4.74,4.62,4.65,4.62,4387.9,450.6,377.2,5.54,1079.7,620.4,3216.4,1540,4.76
9.3,119.077,13.5,9.07,9.1,10.92,11.22,1495.1,140.4,237.8,9.21,507.9,362,1112.5,691,10.27
17.49,105.403,16.62,14.34,14.39,14.39,14.05,1271.7,118.9,234.1,19.2,425.9,302.5,961.6,361.2,14.86
8.74,92.008,9.96,7.94,7.92,8.01,7.99,2544.7,218.7,278.1,8.98,780.8,553.6,1979.6,864.4,8.12
7.8,120.386,11.9,7.21,7.25,9,9.38,1883.4,167.1,259.7,8.3,608.9,436.6,1447.4,808.6,7.91
8.18,90.117,10.17,7.77,7.76,8.38,8.39,2627.2,225.2,278.8,8.24,797.4,565.8,2025.7,903.4,8.09
7.54,89.33,10.39,6.59,6.57,8.21,8.46,2361,205.8,288.5,7.63,780,566.1,1809.3,959.4,7.52
9.08,119.19,13.59,8.72,8.62,10.74,11.15,1534,143.7,240,10,517.4,368.9,1139.5,685,9.77
8.39,116.343,12.73,8.15,8.11,9.68,9.95,1465,138.1,235.8,8.58,495.6,353.5,1095.6,670.7,8.83
8.23,87.734,10.12,7.37,7.38,8.38,8.44,2405.8,210.5,287.4,8.36,784.2,567,1853.3,938,8.1
6.35,85.1,9.5,5.85,5.83,7.26,7.7,2784.3,256,273.4,6.17,836.5,573.4,2132,946.1,6.32
7.51,110.77,10.2,6.92,6.79,7.51,7.66,1966.7,170.5,269,7.89,631.1,455.4,1507.4,824.9,7.22
5.57,89.265,9.17,5.17,5.24,6.66,7.29,2801,262,281.1,5.68,871.4,600.8,2107.6,1001.2,5.62
8.45,115.559,13.06,8.25,8.22,10.06,10.45,1436.9,134.5,234.1,8.5,482.8,344.7,1086.8,597.4,9.06
4.08,83.854,8.45,3.83,3.81,5.45,6.34,2869.8,269.2,295.2,4.01,909.3,632.9,2117.2,1066.5,4.17
8.16,87.533,10.69,6,5.9,8.17,8.5,2248.7,196.6,287,6.58,748.8,546.5,1715.5,936.3,7.23
8.14,91.806,10.42,7.23,7.3,8.62,8.73,2388.2,209.3,287.3,8.24,782,565.2,1834.5,938.2,8.18
16.15,96.356,14,15.14,15.37,14.27,13.65,1154.9,107.4,259.6,16.17,388.4,277.8,886.2,185.9,15.77
5.36,91.718,7.93,4.99,4.97,5.99,6.09,4635.3,500.8,353.5,5.18,1101.7,592.5,3382.6,1746.8,5.47
3.34,88.913,7.25,3.12,3.12,4.54,5.14,3105.8,321,385.6,3.09,1127.4,799.1,2196.7,1218.4,3.62
3.08,86.297,6.82,2.95,2.96,4.09,4.66,3061.8,315.2,374.5,2.99,1104.6,780.6,2160.4,1213.6,3.32
7.82,122.595,12.17,7.07,7.01,9.25,9.71,1868.2,165.7,261.7,8.12,606.5,435,1438.3,799.4,7.96
3.12,89.062,8,3.03,2.99,4.91,5.82,2957.5,295,340.5,3.1,1031.5,729,2113.5,1187.5,3.47
6.76,90.774,10.6,6.01,5.78,7.98,8.35,2247.9,195.8,290.4,6.77,752,550.4,1716.8,938.4,7.01
8.63,93.395,9.95,7.63,7.66,8,7.95,2579,219.9,280.5,8.93,788.9,561.9,2007.1,876.1,8
4.02,86.435,8.53,4,4.04,6.3,6.76,3186.5,336.4,387,3.76,1143.8,799.6,2224.7,1222,5.23
7.75,127.025,12.18,7.14,7.07,9.18,9.67,1851.9,164.7,258.2,8.06,599.8,428.3,1424.4,788.5,7.95
8.22,90.317,10.37,7.67,7.67,8.6,8.67,2671.5,231.9,275.8,8.16,805.5,566.7,2060.5,911.2,8.24
5.64,93.074,7.17,5.15,5.13,5.77,5.82,4100.6,422.7,394.5,5.49,1071.5,640.9,3013.7,1390.2,5.5
8.02,81.935,10.17,7.2,7.19,7.99,8.24,2745.6,244.7,277.1,7.99,820.8,568.3,2112.2,922.8,7.5
9.52,95.323,10.48,8.5,8.54,8.71,8.6,2507.6,217.2,278.3,9.84,774.7,550.8,1943.6,857.9,8.8
5.55,92.365,7.58,5.12,5.13,6.11,6.22,3980.6,415,404.2,5.56,1080.7,656.6,2941.9,1348.9,5.59
9.02,88.529,10.6,8.26,8.29,9.11,9.04,2443.2,213.1,283.6,9.06,782.7,563.3,1880.8,910.7,8.97
6.37,105.298,10.43,5.78,5.75,6.73,6.91,2020.2,174.8,283.7,6.51,673.2,490.7,1539.8,882.5,6.18
11.8,116.446,16.75,11.14,10.64,13.53,13.66,1384,128.3,227,12.14,449.7,316.1,1063.7,341.8,12.5
5.29,84.154,7.59,5.02,5.03,5.81,5.97,3735.5,391.6,405.4,5.21,1083.1,683,2762.1,1261.8,5.41
7.46,95.08,11.18,6.59,6.62,8.89,9.17,2240.9,192.3,294,7.56,753.8,554.3,1713.4,953.2,7.88
6.77,90.13,10.55,5.7,5.72,8.05,8.41,2243.6,195.9,287.7,6.78,748.9,547.2,1711.7,938,7.02
8.74,142.364,13.2,8.48,8.55,11.08,11.54,1773.7,158.4,246.9,8.52,564.8,401.8,1360.9,742.9,9.91
17.27,108.186,18.22,15.61,15.14,16.42,16.07,1286.6,120.2,232.4,16.5,429.6,304.8,976.8,348.8,16.93
17.43,106.396,16.64,13.91,14.34,14.58,14.28,1276.2,119.3,236.6,18.84,429.5,305.5,966.9,361.7,14.94
9.35,94.164,10.07,8.07,8.03,8.2,8.13,2517.7,217.6,278,9.58,776.2,550.7,1951.1,860.4,8.28
5.55,99.25,6.82,4.8,4.76,4.84,4.92,4392.1,447.6,374,5.61,1074.9,618.7,3210.9,1536.8,4.91
6.76,87.861,10.34,5.98,5.85,7.8,8.08,2267,198.3,289.8,6.89,758.2,554,1728.2,936.9,6.9
7.93,81.772,10.09,7.07,7.08,7.81,8.13,2744.9,245.4,277.1,7.97,821.9,569,2109.5,922.3,7.35
8.13,91.819,10.53,7.26,7.3,8.56,8.68,2383.8,208.8,288.5,8.15,784.2,567.4,1832.4,944.7,8.09
3.74,82.978,8.29,3.59,3.48,5.33,6.22,2905.6,277.9,317.1,3.87,960.3,673.9,2111,1136.8,3.96
5.33,84.448,7.99,5,5,6.24,6.46,3670.7,376.6,407.2,5.3,1121.1,736,2679.9,1186.6,5.63
6.57,87.297,9.99,5.76,5.77,7.6,7.95,2297.7,200.8,287.7,6.51,763.1,556,1756.1,946.8,6.77
3.09,86.989,6.74,3.06,3.04,4.17,4.69,3072.6,318.2,378.3,2.97,1114.5,788.3,2172.2,1212.5,3.4
5.9,93.948,7.15,5.11,5.13,5.79,5.82,4092.4,423.7,392.3,5.58,1068,636.2,3005.9,1394.7,5.54
9.54,120.673,13.25,9.13,9.18,11.17,11.67,1607.4,148.2,239.6,9.6,526.9,374.4,1201.3,659.9,10.21
17.36,108.324,17.79,15.58,15.59,16.47,16.13,1287.7,120.1,230,16.89,426.1,301.4,977.3,350,17.15
5.57,92.387,7.28,4.9,4.85,5.89,6,3998.2,416.7,392.4,5.45,1068.2,642.6,2955,1367.3,5.47
9.8,118.463,13.37,8.56,9.43,11.53,11.98,1616.5,149.3,240.9,9.79,531,377.4,1205.7,703.1,10.53
10.95,116.707,16.55,9.63,9.8,13.26,13.62,1388.2,128.8,226.3,11.15,450.8,316.6,1066.7,343.4,12.32
5.53,96.811,6.77,4.79,4.73,4.67,4.72,4380.7,449.3,375.6,5.47,1077.6,619.6,3204.6,1537.8,4.76
14.68,112.481,16.95,13.4,13.32,14.47,14.34,1357.5,125,229.7,14.99,444.7,316,1039.7,344.9,14.32
5.37,91.961,7.82,4.73,4.69,5.87,5.95,4624.7,498.1,351,5.27,1097.6,591,3368.7,1744,5.34
6.52,104.274,9.3,5.55,5.57,6.45,6.68,2091.4,180.4,304.1,6.3,725.6,539.9,1587.1,941.3,5.9
4.97,82.891,8.82,4.79,4.66,6.87,7.25,3274,348.7,386.5,4.66,1150.4,792.7,2315.9,1187.3,5.92
6.62,108.045,9.86,5.86,6.03,6.94,7.1,1977.2,171.9,274.1,6.92,643.1,465.9,1515.3,842.6,6.46
6.55,94.274,10.27,5.98,5.8,7.4,7.68,2170.9,185.6,302.9,6.41,749,557.6,1653,968.3,6.6
8.3,87.777,10.24,7.54,7.57,8.61,8.69,2403.7,210.6,286.5,8.31,783.5,566.4,1852.4,937.1,8.35
5.98,86.98,9.48,5.6,5.59,7.24,7.69,2776.6,256,276.7,5.9,843.5,580.5,2119.3,955,6.22
5.75,81.452,7.38,5.32,5.27,5.74,5.83,3579.6,370.9,391,5.71,1136.3,756.2,2588.9,1120.6,5.59
14.14,109.031,16.63,12.25,12.38,13.73,13.69,1367.9,126.7,228.2,14.97,445.6,314.9,1049.2,343.9,13.49
8.31,134.097,13.16,8.04,7.86,10.28,10.81,1794.3,159.5,249.6,8.46,571.4,407.2,1378,747.8,8.95
9.29,122.628,13.29,4.46,8.93,10.89,11.31,1587.8,147.7,239,9.53,523.6,371.8,1180.8,686.5,9.87
11,118.107,16.44,10.03,9.7,13.24,13.59,1389.3,129.1,227,10.9,452.3,317.9,1065.3,344.3,12.23
5.53,95.015,6.99,5.08,5.06,5.38,5.45,4187.7,430.6,392,5.54,1076.1,637.6,3076.2,1435.9,5.28
11.25,115.451,16.65,10.56,10.51,13.72,13.89,1388.1,128.4,226.6,11.02,449.9,316,1066,342.3,12.73
16.63,97.442,15,14.66,14.9,13.41,13.13,1237.1,116,242.1,17.19,413.1,293.6,931,376,14.41
3.1,87.98,7.44,2.97,2.95,4.28,5.09,2981.5,298,342.9,3.24,1036.7,731.1,2117.1,1189,3.3
3.54,87.875,7.63,3.52,3.52,5.32,5.85,3170.6,331.2,388.4,3.25,1140.4,801.5,2217.2,1228.7,4.28
6.03,103.318,9.3,5.4,5.42,6.37,6.61,2083.3,180.4,296.8,6.25,714,528.4,1578.6,937.3,5.78
6.72,108.279,10.38,6.15,6.24,7.47,7.7,1987.6,173.1,278.1,6.85,655.6,476.8,1521.2,858.4,6.79
5.76,78.455,7.82,5.44,5.42,6.06,6.19,3540.5,368.7,387.5,5.83,1148.4,769.4,2559.8,1100.1,5.68
13.93,110.162,16.67,12.19,11.9,13.71,13.72,1366.9,126.6,229.1,14.67,446.9,316.2,1048.3,344.1,13.18
14.99,106.318,18.39,13.61,13.37,15.5,15.45,1298.7,120.6,230.4,15.32,429,304.4,986,342.9,15.34
14.17,111.232,16.81,12.47,12.42,14.02,13.87,1361.2,125.9,228.5,14.72,445,315.3,1044,343.8,13.75
5.6,89.145,7.92,5.17,5.1,6.41,6.58,3906.9,406.5,397.4,5.52,1064.2,649.2,2890.4,1326.7,5.85
17.67,94.236,14.8,13.6,14.31,12.72,12.53,1232.2,115.2,249,20.06,408.8,290.1,929.2,384.1,13.68
6.03,79.003,8.41,5.76,5.7,6.8,6.96,3456.5,364.3,380.8,6.2,1151,777.9,2461.4,1082.5,6.38
