@relation baseball
@attribute Batting_average real [0.063,0.457]
@attribute On-base_percentage real [0.063,0.486]
@attribute Runs integer [0,133]
@attribute Hits integer [1,216]
@attribute Doubles integer [0,49]
@attribute Triples integer [0,15]
@attribute HomeRuns integer [0,44]
@attribute Runs_batted_in integer [0,133]
@attribute Walks integer [0,138]
@attribute Strike-Outs integer [1,175]
@attribute Stolen_bases integer [0,76]
@attribute Errors integer [0,31]
@attribute Free_agency_eligibility integer [0,1]
@attribute Free_agent integer [0,1]
@attribute Arbitration_eligibility integer [0,1]
@attribute Arbitration integer [0,1]
@attribute Salary integer [109,6100]
@inputs Batting_average, On-base_percentage, Runs, Hits, Doubles, Triples, HomeRuns, Runs_batted_in, Walks, Strike-Outs, Stolen_bases, Errors, Free_agency_eligibility, Free_agent, Arbitration_eligibility, Arbitration
@outputs Salary
@data
0.457, 0.486, 6, 16, 4, 2, 0, 7, 2, 2, 0, 2, 0, 0, 0, 0, 145
0.251, 0.315, 22, 58, 8, 0, 3, 31, 23, 42, 2, 6, 0, 0, 0, 0, 170
0.268, 0.4, 105, 126, 17, 1, 18, 57, 96, 73, 58, 8, 1, 0, 0, 0, 3250
0.274, 0.312, 50, 125, 31, 1, 6, 67, 22, 70, 2, 15, 0, 0, 1, 0, 2050
0.263, 0.387, 85, 132, 17, 2, 31, 89, 101, 131, 3, 6, 1, 0, 0, 0, 3358
0.238, 0.322, 48, 85, 11, 1, 16, 50, 44, 62, 3, 5, 1, 0, 0, 0, 2317
0.242, 0.288, 35, 72, 12, 4, 3, 23, 15, 52, 12, 18, 0, 0, 0, 0, 147
0.228, 0.238, 12, 36, 4, 1, 1, 11, 2, 26, 0, 2, 0, 0, 0, 0, 250
0.254, 0.32, 51, 120, 28, 9, 13, 69, 40, 101, 10, 5, 0, 0, 0, 0, 285
0.272, 0.338, 59, 132, 19, 2, 9, 62, 47, 38, 26, 17, 0, 0, 1, 0, 1150
0.235, 0.268, 9, 16, 5, 0, 2, 4, 3, 11, 3, 1, 0, 0, 0, 0, 115
0.12, 0.185, 0, 3, 0, 0, 0, 1, 2, 11, 0, 1, 0, 0, 0, 0, 109
0.234, 0.301, 13, 36, 5, 0, 6, 19, 16, 39, 0, 6, 0, 0, 1, 0, 1300
0.301, 0.359, 84, 170, 32, 7, 29, 116, 51, 91, 4, 4, 1, 0, 0, 0, 4275
0.279, 0.391, 94, 131, 26, 2, 23, 78, 90, 45, 4, 4, 1, 0, 0, 0, 2200
0.205, 0.272, 11, 23, 2, 0, 4, 9, 11, 24, 0, 2, 0, 0, 0, 0, 133
0.253, 0.313, 32, 67, 12, 0, 11, 45, 25, 31, 0, 3, 1, 0, 0, 0, 2400
0.269, 0.345, 4, 7, 2, 1, 0, 5, 3, 4, 0, 0, 0, 0, 1, 1, 125
0.279, 0.322, 36, 102, 20, 0, 6, 36, 21, 55, 1, 11, 1, 1, 0, 0, 1200
0.284, 0.367, 92, 172, 25, 1, 23, 100, 80, 67, 2, 18, 0, 0, 1, 0, 740
0.289, 0.351, 25, 97, 11, 2, 3, 41, 33, 27, 2, 1, 1, 1, 0, 0, 1850
0.218, 0.327, 26, 31, 3, 1, 1, 11, 24, 17, 16, 0, 0, 0, 0, 0, 395
0.272, 0.302, 69, 153, 21, 4, 31, 104, 22, 80, 4, 3, 1, 0, 0, 0, 3300
0.239, 0.328, 16, 26, 1, 1, 4, 18, 14, 15, 3, 2, 0, 0, 0, 0, 325
0.301, 0.333, 47, 113, 22, 3, 2, 47, 20, 35, 5, 5, 1, 1, 0, 0, 1650
0.325, 0.399, 133, 216, 32, 13, 17, 75, 77, 62, 19, 6, 1, 0, 0, 0, 3453
0.204, 0.255, 29, 42, 9, 0, 7, 18, 13, 49, 0, 4, 0, 0, 0, 0, 380
0.254, 0.332, 95, 160, 34, 6, 3, 57, 72, 63, 28, 18, 0, 0, 1, 0, 2167
0.291, 0.379, 104, 170, 32, 2, 26, 100, 87, 89, 22, 4, 1, 0, 0, 0, 2175
0.287, 0.349, 59, 123, 16, 1, 3, 38, 37, 32, 12, 20, 1, 0, 0, 0, 840
0.257, 0.335, 77, 122, 15, 7, 3, 33, 52, 92, 41, 6, 0, 0, 0, 0, 230
0.24, 0.3, 29, 58, 8, 4, 6, 36, 22, 34, 15, 5, 1, 0, 0, 0, 1167
0.26, 0.339, 21, 57, 12, 0, 4, 32, 26, 43, 2, 6, 0, 0, 0, 0, 155
0.283, 0.337, 71, 117, 13, 6, 8, 54, 34, 55, 14, 17, 0, 0, 0, 0, 750
0.24, 0.357, 37, 88, 11, 4, 1, 26, 67, 48, 1, 9, 1, 0, 0, 0, 2050
0.242, 0.284, 7, 23, 6, 0, 4, 23, 6, 20, 1, 3, 0, 0, 0, 0, 148
0.341, 0.408, 108, 201, 27, 3, 15, 78, 65, 78, 36, 14, 1, 0, 0, 0, 2387
0.175, 0.216, 14, 29, 4, 1, 3, 17, 9, 60, 0, 3, 1, 0, 0, 0, 940
0.275, 0.373, 83, 113, 17, 2, 10, 50, 64, 81, 8, 12, 0, 0, 0, 0, 150
0.249, 0.309, 30, 70, 12, 3, 4, 22, 24, 57, 10, 1, 0, 0, 0, 0, 158
0.295, 0.375, 69, 141, 21, 1, 11, 71, 61, 66, 1, 9, 0, 0, 0, 0, 340
0.258, 0.37, 34, 86, 14, 1, 14, 38, 15, 45, 0, 10, 1, 0, 0, 0, 600
0.227, 0.307, 29, 40, 9, 1, 10, 28, 16, 29, 4, 8, 1, 1, 0, 0, 3415
0.281, 0.386, 37, 63, 16, 3, 6, 31, 38, 40, 1, 10, 0, 0, 0, 0, 200
0.307, 0.357, 110, 203, 44, 5, 25, 116, 56, 91, 16, 7, 0, 0, 1, 1, 5000
0.264, 0.319, 38, 121, 24, 5, 2, 57, 36, 63, 9, 7, 0, 0, 1, 0, 992
0.264, 0.293, 29, 83, 15, 1, 0, 30, 15, 45, 2, 9, 0, 0, 0, 0, 145
0.194, 0.277, 25, 34, 12, 2, 2, 22, 19, 15, 5, 8, 0, 0, 1, 0, 725
0.26, 0.292, 59, 128, 22, 7, 12, 50, 23, 64, 21, 21, 0, 0, 1, 0, 2475
0.305, 0.347, 35, 54, 6, 2, 6, 23, 10, 27, 16, 2, 0, 0, 1, 0, 875
0.123, 0.188, 12, 13, 3, 0, 2, 8, 7, 26, 3, 3, 0, 0, 0, 0, 150
0.244, 0.271, 22, 71, 17, 0, 5, 36, 11, 45, 0, 4, 0, 0, 1, 0, 1000
0.289, 0.325, 29, 46, 13, 2, 5, 17, 9, 24, 10, 2, 0, 0, 0, 0, 150
0.258, 0.324, 29, 57, 8, 2, 8, 25, 23, 54, 6, 3, 0, 0, 0, 0, 325
0.269, 0.332, 46, 106, 22, 0, 20, 69, 33, 93, 0, 6, 0, 0, 0, 0, 230
0.28, 0.353, 76, 158, 36, 3, 11, 81, 62, 94, 17, 25, 0, 0, 0, 0, 315
0.265, 0.35, 28, 62, 11, 3, 1, 25, 29, 21, 4, 11, 1, 0, 0, 0, 284
0.216, 0.318, 20, 40, 5, 1, 1, 21, 29, 21, 0, 3, 1, 0, 0, 0, 900
0.24, 0.3, 51, 92, 16, 3, 13, 50, 31, 73, 9, 3, 0, 0, 0, 0, 200
0.288, 0.339, 64, 169, 35, 0, 9, 68, 46, 42, 2, 5, 1, 0, 0, 0, 3620
0.265, 0.306, 53, 133, 16, 6, 3, 54, 30, 56, 7, 9, 0, 0, 1, 1, 2000
0.251, 0.301, 83, 142, 23, 15, 9, 69, 41, 114, 44, 6, 0, 0, 0, 0, 230
0.265, 0.322, 44, 102, 17, 1, 6, 51, 33, 56, 3, 18, 1, 1, 0, 0, 1750
0.209, 0.293, 9, 28, 5, 1, 0, 11, 15, 12, 0, 1, 1, 1, 0, 0, 300
0.259, 0.322, 65, 135, 32, 1, 16, 74, 49, 46, 6, 2, 1, 0, 0, 0, 3417
0.307, 0.368, 55, 100, 16, 5, 6, 34, 32, 53, 16, 2, 1, 0, 0, 0, 1617
0.267, 0.31, 73, 149, 23, 9, 6, 39, 34, 89, 76, 6, 0, 0, 0, 0, 300
0.244, 0.337, 64, 99, 14, 4, 27, 77, 53, 117, 0, 5, 0, 0, 1, 0, 1445
